Season,Player,Salary,Tm,Lg,Pos,G,GS,MP,FG,FGA,FG%,3P,3PA,3P%,2P,2PA,2P%,eFG%,FT,FTA,FT%,ORB,DRB,TRB,AST,STL,BLK,TOV,PF,PTS
2006-07,KobeBryant,15946875,28,LAL,NBA,SG,77,77,3140,813,1757,.463,137,398,.344,676,1359,.497,.502,667,768,.868,75,364,439,413,111,36,255,205,2430
2007-08,KobeBryant,19490625,LAL,NBA,SG,82,82,3192,775,1690,.459,150,415,.361,625,1275,.490,.503,623,742,.840,94,423,517,441,151,40,257,227,2323
2008-09,KobeBryant,21262500 ,LAL,NBA,SG,82,82,2960,800,1712,.467,118,336,.351,682,1376,.496,.502,483,564,.856,90,339,429,399,120,37,210,189,2201
2009-10,KobeBryant,23034375,LAL,NBA,SG,73,73,2835,716,1569,.456,99,301,.329,617,1268,.487,.488,439,541,.811,78,313,391,365,113,20,233,187,1970
2010-11,KobeBryant,24806250,LAL,NBA,SG,82,82,2779,740,1639,.451,115,356,.323,625,1283,.487,.487,483,583,.828,83,336,419,388,99,12,243,172,2078
2011-12,KobeBryant,25244493,LAL,NBA,SG,58,58,2232,574,1336,.430,87,287,.303,487,1049,.464,.462,381,451,.845,66,247,313,264,69,18,204,105,1616
2012-13,KobeBryant,27849149,LAL,NBA,SG,78,78,3013,738,1595,.463,132,407,.324,606,1188,.510,.504,525,626,.839,66,367,433,469,106,25,287,173,2133
2013-14,KobeBryant,30453805,LAL,NBA,SG,6,6,177,31,73,.425,3,16,.188,28,57,.491,.445,18,21,.857,2,24,26,38,7,1,34,9,83
2014-15,KobeBryant,23500000,LAL,NBA,SG,35,35,1207,266,713,.373,54,184,.293,212,529,.401,.411,196,241,.813,26,173,199,197,47,7,128,65,782
2015-16,KobeBryant,25000000,LAL,NBA,SF,66,66,1863,398,1113,.358,133,467,.285,265,646,.410,.417,232,281,.826,41,206,247,184,62,13,129,115,1161
2006-07,ChrisBosh,4235220,TOR,NBA,C,69,69,2658,543,1094,.496,12,35,.343,531,1059,.501,.502,463,590,.785,186,555,741,175,39,90,179,163,1561
2007-08,ChrisBosh,12455000,TOR,NBA,C,67,67,2425,507,1027,.494,10,25,.400,497,1002,.496,.499,472,559,.844,174,409,583,171,63,67,153,157,1496
2008-09,ChrisBosh,14410581,TOR,NBA,C,77,77,2928,615,1263,.487,12,49,.245,603,1214,.497,.492,504,617,.817,215,556,771,191,67,77,174,189,1746
2009-10,ChrisBosh,15779912,TOR,NBA,C,70,70,2526,600,1158,.518,8,22,.364,592,1136,.521,.522,470,590,.797,205,554,759,166,43,68,169,170,1678
2010-11,ChrisBosh,14500000,MIA,NBA,PF,77,77,2795,524,1056,.496,6,25,.240,518,1031,.502,.499,384,471,.815,141,500,641,144,59,49,138,172,1438
2011-12,ChrisBosh,17545000,MIA,NBA,PF,57,57,2007,393,807,.487,10,35,.286,383,772,.496,.493,229,279,.821,94,358,452,103,51,45,117,128,1025
2012-13,ChrisBosh,19067500,MIA,NBA,C,74,74,2454,485,907,.535,21,74,.284,464,833,.557,.546,241,302,.798,131,370,501,123,66,101,128,168,1232
2013-14,ChrisBosh,19067500,MIA,NBA,C,79,79,2531,492,953,.516,74,218,.339,418,735,.569,.555,223,272,.820,98,424,522,87,80,78,125,192,1281
2014-15,ChrisBosh,20644400,MIA,NBA,C,44,44,1556,343,745,.460,63,168,.375,280,577,.485,.503,179,232,.772,46,264,310,95,41,25,95,69,928
2015-16,ChrisBosh,22192730,MIA,NBA,PF,53,53,1778,358,767,.467,81,222,.365,277,545,.508,.520,213,268,.795,48,342,390,128,36,34,78,101,1010
2006-07,CarmeloAnthony,4694041,DEN,NBA,SF,65,65,2486,691,1453,.476,40,149,.268,651,1304,.499,.489,459,568,.808,143,248,391,249,77,23,234,203,1881
2007-08,CarmeloAnthony,13041250,DEN,NBA,SF,77,77,2806,728,1481,.492,58,164,.354,670,1317,.509,.511,464,590,.786,178,393,571,259,98,39,253,253,1978
2008-09,CarmeloAnthony,14410581,DEN,NBA,SF,66,66,2277,535,1207,.443,63,170,.371,472,1037,.455,.469,371,468,.793,106,344,450,222,75,24,199,195,1504
2009-10,CarmeloAnthony,15779912,DEN,NBA,SF,69,69,2634,688,1502,.458,59,187,.316,629,1315,.478,.478,508,612,.830,152,302,454,222,88,30,209,225,1943
2010-11,CarmeloAnthony,17149243,TOT,NBA,SF,77,77,2751,684,1503,.455,95,251,.378,589,1252,.470,.487,507,605,.838,118,445,563,221,68,46,206,224,1970
2011-12,CarmeloAnthony,18518574,NYK,NBA,SF,55,55,1876,441,1025,.430,68,203,.335,373,822,.454,.463,295,367,.804,88,256,344,200,62,24,144,156,1245
2012-13,CarmeloAnthony,19444503,NYK,NBA,PF,67,67,2482,669,1489,.449,157,414,.379,512,1075,.476,.502,425,512,.830,134,326,460,171,52,32,175,205,1920
2013-14,CarmeloAnthony,21388953,NYK,NBA,PF,77,77,2982,743,1643,.452,167,415,.402,576,1228,.469,.503,459,541,.848,145,477,622,242,95,51,198,224,2112
2014-15,CarmeloAnthony,22458401,NYK,NBA,SF,40,40,1428,358,806,.444,61,179,.341,297,627,.474,.482,189,237,.797,72,192,264,122,40,17,89,87,966
2015-16,CarmeloAnthony,22875000,NYK,NBA,SF,72,72,2530,567,1307,.434,105,310,.339,462,997,.463,.474,334,403,.829,98,458,556,299,62,38,176,180,1573
2006-07,JoeJohnson,12744189,ATL,NBA,SG,57,57,2359,536,1139,.471,119,312,.381,417,827,.504,.523,235,314,.748,53,186,239,249,60,11,176,115,1426
2007-08,JoeJohnson,13488377,ATL,NBA,SG,82,82,3343,647,1497,.432,169,444,.381,478,1053,.454,.489,316,379,.834,83,284,367,474,84,18,223,168,1779
2008-09,JoeJohnson,14232567,ATL,NBA,SG,79,79,3124,620,1420,.437,149,414,.360,471,1006,.468,.489,299,362,.826,65,281,346,455,84,19,195,176,1688
2009-10,JoeJohnson,14976754,ATL,NBA,SG,76,76,2886,635,1386,.458,129,350,.369,506,1036,.488,.505,220,269,.818,74,279,353,369,82,5,145,145,1619
2010-11,JoeJohnson,16324500,ATL,NBA,SG,72,72,2554,514,1161,.443,89,300,.297,425,861,.494,.481,195,243,.802,59,232,291,338,47,7,146,131,1312
2011-12,JoeJohnson,18038573,ATL,NBA,SG,60,60,2127,423,931,.454,125,322,.388,298,609,.489,.521,158,186,.849,53,168,221,232,48,13,116,75,1129
2012-13,JoeJohnson,19752645,BRK,NBA,SG,72,72,2642,445,1052,.423,148,395,.375,297,657,.452,.493,132,161,.820,53,165,218,253,49,14,123,99,1170
2013-14,JoeJohnson,21466718,BRK,NBA,SG,79,79,2575,462,1018,.454,162,404,.401,300,614,.489,.533,159,195,.815,48,222,270,216,47,10,120,129,1245
2014-15,JoeJohnson,23180790,BRK,NBA,SG,80,80,2791,446,1025,.435,121,337,.359,325,688,.472,.494,141,176,.801,53,331,384,292,59,14,137,120,1154
2015-16,JoeJohnson,25309344 ,TOT,NBA,SF,81,81,2703,377,859,.439,120,313,.383,257,546,.471,.509,118,142,.831,49,243,292,318,61,4,159,146,992
2006-07,LeBronJames,5828090,CLE,NBA,SF,78,78,3190,772,1621,.476,99,310,.319,673,1311,.513,.507,489,701,.698,83,443,526,470,125,55,250,171,2132
2007-08,LeBronJames,13041250,CLE,NBA,SF,75,74,3027,794,1642,.484,113,359,.315,681,1283,.531,.518,549,771,.712,133,459,592,539,138,81,255,165,2250
2008-09,LeBronJames,14410581,CLE,NBA,SF,81,81,3054,789,1613,.489,132,384,.344,657,1229,.535,.530,594,762,.780,106,507,613,587,137,93,241,139,2304
2009-10,LeBronJames,15779912,CLE,NBA,SF,76,76,2966,768,1528,.503,129,387,.333,639,1141,.560,.545,593,773,.767,71,483,554,651,125,77,261,119,2258
2010-11,LeBronJames,14500000,MIA,NBA,SF,79,79,3063,758,1485,.510,92,279,.330,666,1206,.552,.541,503,663,.759,80,510,590,554,124,50,284,163,2111
2011-12,LeBronJames,17545000,MIA,NBA,SF,62,62,2326,621,1169,.531,54,149,.362,567,1020,.556,.554,387,502,.771,94,398,492,387,115,50,213,96,1683
2012-13,LeBronJames,19067500,MIA,NBA,PF,76,76,2877,765,1354,.565,103,254,.406,662,1100,.602,.603,403,535,.753,97,513,610,551,129,67,226,110,2036
2013-14,LeBronJames,19067500,MIA,NBA,PF,77,77,2902,767,1353,.567,116,306,.379,651,1047,.622,.610,439,585,.750,81,452,533,488,121,26,270,126,2089
2014-15,LeBronJames,20644400,CLE,NBA,SF,69,69,2493,624,1279,.488,120,339,.354,504,940,.536,.535,375,528,.710,51,365,416,511,109,49,272,135,1743
2015-16,LeBronJames,22970500,CLE,NBA,SF,76,76,2709,737,1416,.520,87,282,.309,650,1134,.573,.551,359,491,.731,111,454,565,514,104,49,249,143,1920
2006-07,DwightHoward,4806720,ORL,NBA,C,82,82,3023,526,873,.603,1,2,.500,525,871,.603,.603,390,666,.586,283,725,1008,158,70,156,317,245,1443
2007-08,DwightHoward,6061274,ORL,NBA,C,82,82,3088,583,974,.599,0,4,.000,583,970,.601,.599,529,897,.590,279,882,1161,110,74,176,263,274,1695
2008-09,DwightHoward,13758000,ORL,NBA,C,79,79,2821,560,979,.572,0,2,.000,560,977,.573,.572,504,849,.594,336,757,1093,112,77,231,240,270,1624
2009-10,DwightHoward,15202590,ORL,NBA,C,82,82,2843,510,834,.612,0,7,.000,510,827,.617,.612,483,816,.592,284,798,1082,144,75,228,274,287,1503
2010-11,DwightHoward,16647180,ORL,NBA,C,78,78,2935,619,1044,.593,0,7,.000,619,1037,.597,.593,546,916,.596,309,789,1098,107,107,186,279,258,1784
2011-12,DwightHoward,18091770,ORL,NBA,C,54,54,2070,416,726,.573,0,7,.000,416,719,.579,.573,281,572,.491,200,585,785,104,81,116,175,159,1113
2012-13,DwightHoward,19536360,LAL,NBA,C,76,76,2722,470,813,.578,1,6,.167,469,807,.581,.579,355,721,.492,251,694,945,108,84,186,225,291,1296
2013-14,DwightHoward,20513178,HOU,NBA,C,71,71,2396,473,800,.591,2,7,.286,471,793,.594,.593,349,638,.547,231,635,866,131,60,128,229,240,1297
2014-15,DwightHoward,21436271,HOU,NBA,C,41,41,1223,251,423,.593,1,2,.500,250,421,.594,.595,143,271,.528,110,321,431,50,28,53,115,137,646
2015-16,DwightHoward,22359364,HOU,NBA,C,71,71,2280,372,600,.620,0,6,.000,372,594,.626,.620,232,474,.489,238,597,835,98,69,113,166,219,976
2006-07,DwayneWade,3841443,MIA,NBA,SG,51,50,1931,472,962,.491,21,79,.266,451,883,.511,.502,432,535,.807,51,188,239,384,107,62,216,117,1397
2007-08,DwayneWade,13041250,MIA,NBA,SG,51,49,1954,439,937,.469,22,77,.286,417,860,.485,.480,354,467,.758,45,169,214,354,87,37,224,137,1254
2008-09,DwayneWade,14410581,MIA,NBA,SG,79,79,3048,854,1739,.491,88,278,.317,766,1461,.524,.516,590,771,.765,89,309,398,589,173,106,272,178,2386
2009-10,DwayneWade,15779912,MIA,NBA,SG,77,77,2792,719,1511,.476,73,243,.300,646,1268,.509,.500,534,702,.761,107,266,373,501,142,82,252,181,2045
2010-11,DwayneWade,14200000,MIA,NBA,SG,76,76,2823,692,1384,.500,63,206,.306,629,1178,.534,.523,494,652,.758,123,362,485,346,111,87,237,197,1941
2011-12,DwayneWade,15691000 ,MIA,NBA,SG,49,49,1625,416,837,.497,15,56,.268,401,781,.513,.506,235,297,.791,73,164,237,225,82,63,129,110,1082
2012-13,DwayneWade,18673000,MIA,NBA,SG,69,69,2391,569,1093,.521,17,66,.258,552,1027,.537,.528,308,425,.725,86,258,344,352,128,56,194,140,1463
2013-14,DwayneWade,18673000,MIA,NBA,SG,54,53,1775,415,761,.545,9,32,.281,406,729,.557,.551,189,258,.733,60,181,241,252,79,29,161,106,1028
2014-15,DwayneWade,15000000,MIA,NBA,SG,62,62,1971,509,1084,.470,29,102,.284,480,982,.489,.483,284,370,.768,58,161,219,299,73,21,209,105,1331
2015-16,DwayneWade,20000000 ,MIA,NBA,SG,74,73,2258,540,1183,.456,7,44,.159,533,1139,.468,.459,322,406,.793,82,220,302,344,79,42,203,116,1409
2006-07,ChrisPaul,3380160,NOK,NBA,PG,64,64,2353,381,871,.437,50,143,.350,331,728,.455,.466,292,357,.818,54,226,280,569,118,3,161,154,1104
2007-08,ChrisPaul,3615960,NOH,NBA,PG,80,80,3006,630,1291,.488,92,249,.369,538,1042,.516,.524,332,390,.851,62,259,321,925,217,4,201,185,1684
2008-09,ChrisPaul,4574189,NOH,NBA,PG,78,78,3002,631,1255,.503,64,176,.364,567,1079,.525,.528,455,524,.868,69,363,432,861,216,10,231,212,1781
2009-10,ChrisPaul,13520500,NOH,NBA,PG,45,45,1712,314,637,.493,52,127,.409,262,510,.514,.534,161,190,.847,20,171,191,480,96,8,112,118,841
2010-11,ChrisPaul,14940153,NOH,NBA,PG,80,80,2880,430,928,.463,71,183,.388,359,745,.482,.502,337,384,.878,38,289,327,782,188,5,177,196,1268
2011-12,ChrisPaul,16359805,LAC,NBA,PG,60,60,2181,425,890,.478,79,213,.371,346,677,.511,.522,260,302,.861,42,171,213,543,152,4,124,138,1189
2012-13,ChrisPaul,17779458,LAC,NBA,PG,70,70,2335,412,856,.481,76,232,.328,336,624,.538,.526,286,323,.885,53,209,262,678,169,10,159,143,1186
2013-14,ChrisPaul,18668431,LAC,NBA,PG,62,62,2171,406,870,.467,78,212,.368,328,658,.498,.511,295,345,.855,38,230,268,663,154,4,145,157,1185
2014-15,ChrisPaul,20068563,LAC,NBA,PG,82,82,2857,568,1170,.485,139,349,.398,429,821,.523,.545,289,321,.900,52,324,376,838,156,15,190,203,1564
2015-16,ChrisPaul,21468695 ,LAC,NBA,PG,74,74,2420,515,1114,.462,122,329,.371,393,785,.501,.517,294,328,.896,39,271,310,738,152,13,194,185,1446
2007-08,KevinDurant,4171200,SEA,NBA,SG,80,80,2768,587,1366,.430,59,205,.288,528,1161,.455,.451,391,448,.873,70,278,348,192,78,75,232,122,1624
2008-09,KevinDurant,4484040,OKC,NBA,SF,74,74,2885,661,1390,.476,97,230,.422,564,1160,.486,.510,452,524,.863,77,405,482,205,96,53,225,134,1871
2009-10,KevinDurant,4796880,OKC,NBA,SF,82,82,3239,794,1668,.476,128,351,.365,666,1317,.506,.514,756,840,.900,105,518,623,231,112,84,271,171,2472
2010-11,KevinDurant,6053663,OKC,NBA,SF,78,78,3038,711,1538,.462,145,414,.350,566,1124,.504,.509,594,675,.880,57,476,533,214,88,76,218,159,2161
2011-12,KevinDurant,15506632,OKC,NBA,SF,66,66,2546,643,1297,.496,133,344,.387,510,953,.535,.547,431,501,.860,40,487,527,231,88,77,248,133,1850
2012-13,KevinDurant,17832626,OKC,NBA,SF,81,81,3119,731,1433,.510,139,334,.416,592,1099,.539,.559,679,750,.905,46,594,640,374,116,105,280,143,2280
2013-14,KevinDurant,17832627,OKC,NBA,SF,81,81,3122,849,1688,.503,192,491,.391,657,1197,.549,.560,703,805,.873,58,540,598,445,103,59,285,174,2593
2014-15,KevinDurant,18995624,OKC,NBA,SF,27,27,913,238,467,.510,64,159,.403,174,308,.565,.578,146,171,.854,16,162,178,110,24,25,74,40,686
2015-16,KevinDurant,20158622,OKC,NBA,SF,72,72,2578,698,1381,.505,186,481,.387,512,900,.569,.573,447,498,.898,45,544,589,361,69,85,250,137,2029
2008-09,DerrickRose,4822800,CHI,NBA,PG,81,80,3000,574,1208,.475,16,72,.222,558,1136,.491,.482,197,250,.788,96,221,317,512,66,18,202,125,1361
2009-10,DerrickRose,5184480,CHI,NBA,PG,78,78,2871,672,1373,.489,16,60,.267,656,1313,.500,.495,259,338,.766,65,228,293,469,57,27,217,96,1619
2010-11,DerrickRose,5546160,CHI,NBA,PG,81,81,3026,711,1597,.445,128,385,.332,583,1212,.481,.485,476,555,.858,81,249,330,623,85,51,278,136,2026
2011-12,DerrickRose,6993708,CHI,NBA,PG,39,39,1375,302,695,.435,54,173,.312,248,522,.475,.473,194,239,.812,26,105,131,307,35,28,119,52,852
2012-13,DerrickRose,16402500,Did Not Play,Did Not Play,Did Not Play,Did Not Play,Did Not Play,Did Not Play,Did Not Play,Did Not Play,Did Not Play,Did Not Play,Did Not Play,Did Not Play,Did Not Play,Did Not Play,Did Not Play,Did Not Play,Did Not Play,Did Not Play,Did Not Play,Did Not Play,Did Not Play,Did Not Play,Did Not Play,Did Not Play,Did Not Play,Did Not Play,Did Not Play,Did Not Play
2013-14,DerrickRose,17632688,CHI,NBA,PG,10,10,311,58,164,.354,16,47,.340,42,117,.359,.402,27,32,.844,9,23,32,43,5,1,34,15,159
2014-15,DerrickRose,18862876,CHI,NBA,PG,51,51,1530,338,835,.405,76,271,.280,262,564,.465,.450,152,187,.813,35,126,161,251,36,16,161,63,904
2015-16,DerrickRose,20093064,CHI,NBA,PG,66,66,2097,447,1048,.427,44,150,.293,403,898,.449,.448,142,179,.793,46,179,225,311,44,14,175,84,1080
2006-07,LamarcusAldridge,4027320,POR,NBA,C,63,22,1392,241,479,.503,0,2,.000,241,477,.505,.503,83,115,.722,144,168,312,24,22,73,43,186,565
2007-08,LamarcusAldridge,4329360,POR,NBA,PF,76,76,2649,561,1160,.484,1,7,.143,560,1153,.486,.484,227,298,.762,220,358,578,122,55,94,126,240,1350
2008-09,LamarcusAldridge,4631400,POR,NBA,PF,81,81,3004,601,1243,.484,7,28,.250,594,1215,.489,.486,261,334,.781,234,371,605,157,77,77,121,207,1470
2009-10,LamarcusAldridge,5844827,POR,NBA,PF,78,78,2922,579,1169,.495,5,16,.313,574,1153,.498,.497,230,304,.757,192,435,627,160,67,48,104,231,1393
2010-11,LamarcusAldridge,11244000,POR,NBA,PF,81,81,3211,707,1415,.500,4,23,.174,703,1392,.505,.501,351,444,.791,278,431,709,170,82,94,153,220,1769
2011-12,LamarcusAldridge,14000000,POR,NBA,PF,55,55,1994,483,943,.512,2,11,.182,481,932,.516,.513,223,274,.814,150,292,442,134,51,45,111,153,1191
2012-13,LamarcusAldridge,14878000,POR,NBA,PF,74,74,2790,638,1318,.484,2,14,.143,636,1304,.488,.485,282,348,.810,175,495,670,192,62,91,143,187,1560
2013-14,LamarcusAldridge,14878000,POR,NBA,PF,69,69,2498,652,1423,.458,3,15,.200,649,1408,.461,.459,296,360,.822,166,599,765,178,63,68,123,147,1603
2014-15,LamarcusAldridge,16006000,POR,NBA,PF,71,71,2512,659,1415,.466,37,105,.352,622,1310,.475,.479,306,362,.845,177,549,726,124,48,68,122,125,1661
2015-16,LamarcusAldridge,19689000,SAS,NBA,PF,74,74,2261,536,1045,.513,0,16,.000,536,1029,.521,.513,259,302,.858,176,456,632,110,38,81,99,151,1331





